3
5
8
10
12
14
16
17
22
23
24
33
34
36
39
43
45
51
57
58
59
65
66
67
70
71
80
82
83
86
88
89
92
96
99
100
103
104
105
119
120
121
125
127
128
133
137
140
144
145
146
149
150
153
154
155
157
162
163
171
172
173
174
176
177
179
182
184
188
189
190
191
192
195
196
197
199
202
206
208
211
216
217
218
224
226
229
232
233
236
237
240
241
242
243
244
245
246
247
249
250
251
257
258
259
261
263
267
269
271
273
275
276
278
279
281
283
286
293
296
299
301
302
303
304
306
307
309
310
311
316
319
320
323
328
330
331
333
334
335
337
338
340
344
345
346
347
348
350
352
354
357
358
362
363
365
366
369
371
374
376
377
381
387
388
390
392
394
396
401
405
411
414
418
421
426
427
428
432
433
434
441
447
449
452
453
455
457
460
461
462
464
466
468
474
475
477
479
480
481
483
487
493
494
498
503
504
505
509
510
515
517
521
522
525
526
527
528
529
530
531
532
544
545
549
552
553
558
561
563
569
572
576
579
580
582
586
589
590
591
596
598
599
601
603
604
605
607
608
610
614
615
618
620
624
625
626
628
630
632
633
634
635
638
639
640
641
645
647
648
651
657
666
669
670
671
673
674
676
677
678
679
680
681
682
686
688
690
692
699
701
702
712
713
716
720
723
724
725
728
733
740
741
742
744
745
748
750
751
760
764
765
770
773
774
778
779
781
783
784
789
791
793
794
802
804
817
818
820
827
828
829
830
831
833
834
837
840
842
843
847
848
849
850
851
852
857
859
863
865
866
867
872
873
874
875
878
880
881
883
884
885
886
891
893
894
895
903
910
911
925
928
931
933
936
937
940
941
944
945
950
953
954
956
958
961
963
964
965
966
967
970
971
972
975
976
977
978
980
984
986
987
990
991
1000
1001
1002
1003
1007
1010
1011
1014
1016
1018
1019
1021
1023
1024
1028
1031
1037
1038
1043
1044
1046
1052
1053
1054
1055
1058
1059
1063
1064
1069
1070
1071
1075
1079
1081
1083
1085
1088
1094
1095
1098
1100
1101
1102
1104
1105
1106
1107
1111
1112
1113
1118
1122
1125
1128
1129
1131
1132
1133
1136
1139
1142
1143
1147
1150
1151
1154
1160
1161
1163
1169
1171
1174
1175
1177
1179
1180
1181
1182
1183
1186
1187
1191
1193
1201
1202
1208
1209
1213
1214
1215
1216
1217
1220
1224
1227
1237
1246
1247
1248
1252
1253
1254
1260
1261
1262
1266
1267
1268
1270
1273
1274
1275
1276
1278
1279
1280
1281
1282
1283
1284
1288
1289
1293
1294
1295
1296
1298
1301
1304
1305
1306
1310
1314
1315
1321
1322
1324
1327
1329
1330
1331
1332
1340
1341
1343
1346
1350
1351
1356
1359
1363
1374
1375
1376
1377
1380
1385
1390
1392
1400
1401
1404
1406
1407
1412
1414
1416
1417
1419
1420
1421
1422
1425
1426
1428
1429
1431
1432
1437
1441
1443
1444
1445
1446
1456
1458
1464
1467
1469
1470
1471
1473
1476
1477
1478
1480
1481
1483
1486
1491
1493
1494
1496
1500
1502
1508
1512
1514
1517
1518
1519
1522
1532
1533
1535
1537
1538
1540
1542
1545
1546
1547
1549
1552
1554
1555
1556
1560
1561
1563
1564
1565
1571
1576
1584
1590
1592
1593
1595
1596
1599
1601
1602
1605
1607
1608
1609
1611
1613
1614
1616
1618
1620
1621
1623
1624
1625
1631
1633
1640
1641
1642
1643
1644
1645
1649
1650
1651
1654
1658
1659
1664
1665
1669
1670
1672
1673
1675
1676
1677
1682
1685
1687
1690
1691
1692
1694
1705
1706
1711
1713
1714
1715
1717
1721
1725
1727
1728
1729
1736
1737
1743
1748
1751
1753
1758
1760
1766
1768
1770
1771
1772
1778
1782
1788
1789
1793
1798
1799
1802
1805
1809
1812
1814
1815
1816
1822
1824
1831
1832
1833
1843
1846
1849
1850
1857
1858
1860
1861
1870
1871
1874
1882
1884
1888
1889
1895
1898
1899
1901
1904
1907
1908
1910
1913
1915
1921
1923
1924
1928
1932
1937
1939
1940
1942
1945
1947
1949
1951
1955
1959
1962
1964
1966
1968
1970
1971
1972
1976
1980
1985
1987
1994
1996
1997
1999
2001
2002
2010
2014
2017
2020
2024
2027
2028
2029
2039
2044
2048
2051
2052
2056
2059
2062
2065
2068
2071
2075
2076
2078
2079
2081
2082
2083
2087
2089
2090
2093
2097
2099
2100
2102
2104
2111
2115
2123
2126
2131
2135
2139
2140
2148
2150
2151
2153
2154
2155
2156
2160
2170
2172
2176
2180
2181
2184
2185
2187
2189
2193
2197
2201
2208
2209
2210
2216
2218
2219
2220
2225
2232
2234
2239
2241
2245
2247
2252
2257
2258
2259
2260
2265
2269
2270
2271
2273
2275
2278
2284
2285
2288
2289
2290
2294
2295
2296
2300
2301
2303
2304
2305
2308
2310
2315
2318
2319
2321
2322
2325
2327
2328
2334
2335
2337
2348
2349
2350
2351
2353
2360
2361
2367
2374
2375
2376
2377
2384
2385
2386
2390
2392
2393
2394
2395
2397
2403
2404
2407
2408
2410
2411
2412
2417
2419
2425
2427
2429
2436
2438
2446
2448
2449
2451
2453
2456
2457
2459
2460
2461
2465
2466
2468
2469
2472
2473
2474
2480
2481
2482
2487
2488
2492
2493
2500
2501
2502
2504
2508
2509
2510
2513
2522
2527
2528
2530
2533
2534
2536
2537
2540
2543
2546
2548
2553
2557
2558
2562
2565
2576
2588
2589
2593
2596
2600
2609
2610
2611
2614
2616
2620
2624
2625
2630
2631
2633
2637
2638
2642
2644
2645
2646
2647
2648
2649
2651
2653
2654
2657
2659
2661
2665
2668
2671
2673
2674
2679
2682
2684
2685
2689
2691
2692
2695
2696
2699
2701
2702
2704
2705
2708
2715
2716
2717
2719
2724
2726
2727
2731
2733
2734
2735
2737
2738
2739
2741
2743
2744
2745
2746
2748
2750
2754
2755
2756
2760
2763
2764
2767
2768
2771
2774
2775
2779
2780
2784
2786
2791
2794
2796
2798
2800
2801
2802
2807
2816
2817
2828
2829
2830
2833
2834
2835
2840
2843
2844
2846
2847
2853
2858
2859
2862
2866
2867
2868
2873
2874
2875
2877
2879
2882
2883
2889
2891
2894
2897
2904
2912
2913
2917
2919
2920
2926
2927
2928
2929
2934
2935
2942
2948
2949
2952
2956
2958
2960
2965
2971
2973
2974
2978
2980
2982
2985
2988
2990
2991
2993
2994
2998
3002
3003
3006
3007
3009
3014
3015
3021
3023
3030
3035
3036
3038
3039
3042
3043
3046
3048
3049
3050
3054
3059
3060
3068
3070
3074
3075
3077
3079
3081
3087
3097
3098
3103
3104
3107
3113
3114
3117
3121
3122
3123
3125
3129
3131
3132
3134
3136
3139
3142
3144
3147
3150
3154
3167
3170
3172
3173
3174
3175
3177
3179
3185
3186
3190
3192
3193
3194
3196
3199
3201
3207
3213
3215
3216
3217
3219
3222
3223
3225
3227
3231
3235
3237
3240
3252
3256
3259
3265
3266
3270
3272
3274
3275
3276
3277
3278
3283
3288
3291
3292
3293
3294
3296
3298
3299
3306
3307
3308
3309
3312
3313
3316
3318
3322
3323
3325
3331
3337
3338
3339
3347
3348
3350
3351
3352
3355
3356
3358
3360
3362
3363
3365
3367
3368
3371
3372
3373
3374
3377
3382
3384
3385
3386
3387
3389
3391
3396
3399
3400
3402
3403
3408
3410
3413
3418
3420
3423
3424
3428
3430
3431
3433
3438
3444
3445
3446
3449
3451
3454
3456
3461
3462
3463
3466
3469
3470
3473
3474
3475
3481
3483
3492
3496
3497
3499
3503
3504
3505
3508
3510
3511
3512
3513
3515
3519
3520
3525
3528
3530
3534
3535
3542
3546
3550
3552
3554
3555
3556
3559
3560
3562
3563
3564
3566
3569
3571
3572
3573
3574
3577
3583
3586
3590
3597
3599
3601
3602
3605
3607
3608
3613
3615
3616
3619
3620
3622
3623
3626
3628
3633
3635
3637
3649
3654
3655
3656
3659
3661
3666
3668
3669
3672
3677
3678
3679
3682
3685
3687
3688
3694
3698
3701
3705
3707
3708
3709
3710
3711
3712
3714
3715
3718
3720
3721
3722
3724
3728
3731
3734
3737
3742
3743
3745
3750
3751
3756
3757
3763
3764
3765
3766
3769
3771
3773
3774
3775
3776
3778
3783
3784
3787
3789
3790
3791
3792
3799
3803
3808
3811
3817
3819
3822
3824
3826
3828
3830
3831
3833
3834
3838
3841
3846
3847
3849
3850
3854
3860
3861
3862
3863
3867
3871
3872
3873
3875
3879
3888
3894
3895
3900
3905
3907
3912
3913
3914
3915
3917
3919
3920
3921
3928
3929
3932
3933
3936
3942
3944
3949
3951
3952
3955
3957
3960
3963
3965
3966
3967
3968
3969
3971
3972
3975
3976
3977
3979
3980
3981
3983
3986
3987
3991
3992
3997
3999
4000
4004
4006
4008
4011
4018
4019
4022
4027
4028
4030
4032
4033
4034
4035
4036
4037
4039
4046
4047
4049
4050
4053
4057
4062
4064
4069
4072
4073
4079
4080
4081
4084
4085
4088
4089
4092
4099
4101
4103
4104
4106
4107
4108
4110
4111
4113
4115
4117
4118
4119
4121
4126
4127
4129
4130
4134
4135
4138
4140
4141
4143
4146
4148
4149
4150
4151
4152
4155
4157
4158
4159
4161
4163
4164
4165
4166
4168
4169
4172
4174
4175
4178
4184
4186
4187
4188
4189
4197
4198
4201
4202
4206
4207
4212
4217
4218
4219
4222
4223
4224
4226
4227
4230
4232
4244
4245
4246
4248
4251
4252
4253
4254
4256
4259
4264
4266
4271
4274
4277
4278
4279
4289
4291
4292
4296
4297
4298
4299
4302
4304
4306
4307
4310
4311
4314
4316
4319
4320
4321
4322
4326
4327
4331
4333
4342
4345
4349
4351
4354
4355
4356
4357
4359
4361
4362
4363
4366
4368
4369
4370
4371
4375
4376
4380
4382
4384
4386
4388
4391
4393
4394
4395
4397
4398
4399
4400
4408
4409
4411
4413
4414
4416
4417
4418
4419
4420
4421
4425
4429
4432
4433
4438
4439
4443
4445
4457
4458
4459
4460
4462
4463
4465
4466
4467
4472
4475
4479
4482
4486
4489
4490
4491
4492
4493
4496
4498
4499
4502
4503
4504
4507
4509
4513
4514
4515
4516
4518
4523
4524
4525
4527
4528
4533
4534
4535
4536
4537
4540
4547
4550
4553
4557
4562
4566
4567
4569
4570
4573
4574
4576
4582
4584
4593
4594
4595
4596
4597
4598
4600
4601
4602
4603
4607
4608
4612
4615
4616
4617
4620
4621
4626
4629
4630
4632
4637
4638
4640
4643
4645
4646
4650
4653
4654
4655
4657
4661
4666
4668
4671
4672
4673
4675
4676
4679
4680
4681
4684
4685
4689
4691
4695
4698
4699
4701
4703
4711
4713
4716
4717
4718
4719
4724
4729
4730
4732
4734
4739
4741
4747
4749
4752
4753
4757
4760
4761
4762
4763
4768
4772
4773
4776
4778
4779
4780
4782
4784
4787
4788
4789
4790
4792
4793
4794
4795
4796
4814
4822
4824
4826
4827
4828
4829
4834
4835
4837
4841
4843
4844
4845
4846
4847
4848
4854
4857
4858
4859
4861
4862
4864
4870
4871
4875
4878
4883
4887
4888
4889
4891
4894
4898
4901
4902
4903
4904
4905
4908
4913
4915
4917
4920
4924
4925
4928
4930
4933
4934
4935
4939
4944
4945
4948
4950
4951
4953
4954
4960
4961
4965
4966
4976
4977
4979
4982
4984
4985
4988
4989
4990
4991
4992
4993
4995
4999
5001
5006
5007
5009
5010
5014
5021
5026
5027
5028
5029
5030
5033
5034
5036
5039
5041
5048
5051
5052
5055
5059
5060
5063
5067
5070
5071
5072
5074
5078
5079
5080
5086
5088
5093
5096
5097
5098
5099
5100
5101
5102
5103
5106
5108
5109
5119
5123
5124
5125
5126
5127
5128
5132
5135
5137
5138
5141
5142
5144
5146
5147
5148
5151
5156
5160
5162
5163
5164
5168
5170
5173
5174
5176
5177
5178
5179
5183
5184
5186
5187
5190
5191
5193
5194
5198
5199
5200
5201
5202
5205
5206
5208
5209
5210
5215
5216
5218
5219
5225
5229
5231
5235
5237
5241
5245
5246
5248
5250
5255
5257
5259
5262
5263
5265
5267
5268
5269
5271
5275
5278
5286
5287
5288
5289
5290
5291
5292
5293
5294
5295
5296
5298
5300
5303
5304
5306
5310
5312
5316
5317
5320
5321
5331
5334
5337
5338
5339
5340
5344
5346
5347
5349
5352
5356
5357
5359
5364
5367
5368
5373
5382
5384
5387
5388
5390
5391
5392
5393
5396
5397
5399
5404
5411
5412
5414
5415
5416
5417
5418
5422
5424
5425
5427
5428
5429
5430
5431
5433
5434
5435
5438
5441
5443
5444
5449
5450
5451
5452
5453
5455
5457
5458
5461
5462
5465
5471
5473
5474
5477
5478
5482
5493
5495
5497
5500
5504
5506
5508
5510
5512
5514
5516
5517
5520
5521
5523
5530
5534
5536
5537
5538
5539
5545
5548
5551
5553
5554
5555
5559
5560
5562
5566
5567
5570
5571
5572
5573
5574
5576
5577
5580
5582
5583
5584
5591
5596
5599
5600
5602
5605
5610
5620
5623
5624
5634
5636
5637
5638
5639
5640
5645
5648
5649
5650
5654
5658
5660
5661
5662
5666
5673
5675
5677
5678
5680
5684
5686
5690
5693
5700
5701
5703
5710
5711
5712
5714
5717
5718
5720
5721
5723
5728
5729
5730
5733
5737
5738
5741
5742
5744
5745
5747
5749
5754
5756
5759
5760
5761
5762
5764
5765
5766
5776
5777
5778
5781
5783
5784
5790
5791
5794
5798
5800
5801
5802
5803
5805
5808
5812
5814
5815
5816
5817
5819
5820
5823
5824
5825
5827
5828
5830
5834
5836
5837
5840
5849
5851
5852
5853
5854
5855
5856
5863
5864
5867
5868
5872
5873
5875
5877
5879
5880
5882
5883
5888
5890
5893
5895
5900
5901
5905
5906
5908
5909
5911
5912
5913
5914
5916
5918
5920
5922
5923
5926
5927
5928
5929
5932
5935
5936
5938
5941
5942
5945
5947
5949
5951
5957
5960
5967
5969
5971
5977
5980
5982
5983
5987
5995
5996
6000
6005
6009
6012
6015
6016
6018
6027
6033
6035
6036
6038
6039
6043
6044
6048
6051
6052
6053
6054
6058
6059
6061
6062
6066
6069
6071
6072
6075
6080
6086
6087
6091
6096
6097
6103
6108
6110
6112
6113
6115
6117
6119
6122
6123
6127
6130
6137
6139
6145
6146
6148
6151
6152
6153
6156
6162
6165
6168
6169
6170
6174
6176
6177
6178
6179
6182
6183
6185
6187
6188
6190
6191
6192
6195
6196
6199
6201
6206
6207
6209
6210
6211
6214
6216
6219
6223
6227
6229
6233
6234
6236
6239
6241
6243
6251
6253
6260
6264
6268
6274
6277
6280
6282
6283
6286
6288
6289
6291
6295
6297
6298
6299
6302
6303
6305
6306
6308
6309
6311
6312
6313
6314
6317
6318
6319
6320
6322
6323
6324
6328
6331
6337
6338
6343
6347
6355
6356
6357
6362
6365
6366
6367
6369
6372
6373
6374
6378
6381
6385
6386
6387
6388
6392
6393
6396
6398
6400
6401
6402
6406
6408
6409
6410
6411
6417
6418
6419
6420
6423
6424
6425
6426
6429
6430
6431
6432
6435
6438
6440
6441
6443
6445
6449
6453
6456
6459
6460
6461
6462
6463
6465
6466
6468
6469
6471
6472
6474
6475
6484
6489
6492
6493
6495
6497
6500
6502
6507
6511
6512
6517
6518
6520
6523
6524
6525
6527
6531
6534
6535
6536
6537
6539
6541
6543
6544
6545
6546
6547
6551
6554
6556
6560
6562
6567
6571
6572
6573
6577
6578
6579
6581
6584
6586
6587
6588
6595
6597
6598
6606
6609
6610
6612
6615
6616
6617
6620
6621
6624
6626
6628
6629
6631
6635
6637
6638
6640
6642
6643
6645
6647
6650
6651
6654
6657
6660
6664
6665
6667
6668
6669
6671
6677
6682
6683
6686
6691
6696
6699
6703
6705
6709
6715
6717
6718
6719
6721
6725
6727
6731
6732
6737
6740
6743
6745
6750
6759
6762
6766
6774
6775
6778
6779
6782
6787
6788
6790
6791
6792
6795
6800
6802
6803
6806
6807
6813
6821
6822
6823
6827
6828
6829
6830
6831
6838
6842
6844
6845
6847
6850
6853
6856
6858
6860
6862
6863
6866
6868
6869
6872
6875
6877
6878
6887
6893
6894
6899
6900
6903
6904
6905
6911
6912
6913
6917
6920
6921
6923
6924
6925
6926
6927
6930
6931
6933
6935
6936
6937
6941
6945
6948
6950
6951
6952
6953
6955
6959
6965
6968
6970
6975
6976
6980
6982
6986
6987
6990
6992
6994
6996
7001
7006
7010
7012
7013
7014
7017
7018
7020
7025
7026
7029
7031
7032
7033
7035
7038
7039
7040
7041
7042
7043
7048
7049
7051
7052
7057
7058
7059
7060
7061
7067
7069
7072
7078
7079
7081
7084
7090
7091
7094
7096
7099
7100
7102
7105
7106
7107
7108
7110
7114
7116
7118
7119
7120
7124
7125
7131
7132
7135
7138
7140
7141
7142
7143
7144
7145
7147
7149
7157
7158
7159
7161
7162
7164
7169
7172
7176
7177
7181
7183
7185
7187
7190
7191
7192
7193
7194
7195
7200
7203
7206
7214
7219
7221
7223
7226
7228
7229
7235
7238
7239
7241
7242
7244
7246
7248
7249
7251
7255
7256
7262
7263
7265
7279
7281
7283
7285
7287
7288
7289
7291
7292
7294
7295
7296
7298
7299
7300
7302
7306
7313
7314
7317
7319
7320
7322
7323
7327
7333
7334
7335
7337
7338
7341
7346
7349
7351
7352
7355
7357
7359
7371
7375
7377
7380
7385
7386
7387
7390
7391
7400
7401
7402
7403
7405
7406
7409
7414
7419
7420
7421
7422
7424
7425
7431
7434
7436
7438
7443
7444
7446
7447
7450
7451
7453
7455
7456
7458
7459
7460
7462
7463
7470
7471
7474
7475
7477
7484
7485
7486
7487
7488
7489
7495
7498
7499
7504
7507
7509
7513
7519
7520
7521
7522
7523
7524
7525
7526
7527
7530
7535
7537
7539
7541
7543
7544
7549
7550
7552
7559
7560
7567
7568
7570
7572
7573
7577
7578
7581
7584
7586
7587
7590
7596
7601
7607
7609
7611
7614
7615
7618
7623
7626
7629
7630
7632
7634
7637
7641
7643
7653
7654
7656
7658
7659
7662
7665
7667
7669
7672
7674
7675
7676
7678
7679
7684
7687
7688
7692
7694
7695
7698
7700
7702
7713
7717
7718
7720
7721
7726
7734
7735
7736
7741
7745
7747
7748
7752
7754
7757
7758
7761
7763
7766
7768
7770
7771
7772
7776
7777
7781
7783
7788
7789
7793
7794
7800
7802
7803
7806
7808
7810
7811
7812
7814
7817
7827
7828
7832
7834
7835
7836
7841
7842
7844
7848
7850
7851
7852
7857
7859
7862
7864
7865
7866
7869
7873
7877
7878
7880
7881
7882
7883
7885
7890
7893
7894
7900
7905
7906
7907
7908
7910
7911
7916
7924
7926
7927
7930
7939
7941
7943
7946
7947
7948
7949
7951
7953
7954
7955
7958
7959
7960
7970
7972
7974
7977
7981
7983
7984
7987
7993
7994
7999
8000
8002
8005
8011
8012
8013
8015
8016
8022
8024
8028
8029
8032
8035
8037
8039
8040
8044
8051
8053
8054
8058
8060
8063
8065
8066
8068
8073
8075
8076
8077
8080
8087
8097
8102
8105
8106
8107
8109
8112
8114
8115
8122
8124
8128
8134
8135
8139
8145
8149
8150
8154
8157
8158
8160
8161
8162
8165
8167
8168
8172
8176
8177
8181
8182
8183
8185
8186
8191
8192
8194
8196
8197
8198
8200
8201
8202
8206
8210
8217
8222
8226
8227
8231
8235
8239
8241
8243
8244
8245
8247
8251
8259
8260
8261
8262
8264
8265
8274
8275
8276
8277
8286
8290
8292
8293
8300
8305
8306
8311
8312
8316
8317
8324
8326
8327
8328
8329
8330
8332
8333
8336
8338
8340
8344
8345
8346
8352
8354
8359
8360
8362
8368
8370
8371
8373
8375
8377
8378
8381
8383
8386
8387
8388
8390
8391
8398
8399
8400
8401
8402
8408
8409
8410
8411
8412
8413
8414
8417
8418
8421
8422
8423
8425
8428
8433
8437
8438
8439
8442
8444
8445
8447
8448
8449
8452
8454
8461
8465
8467
8468
8470
8477
8479
8482
8483
8484
8485
8488
8490
8493
8495
8498
8499
8500
8502
8503
8505
8510
8516
8518
8519
8523
8525
8528
8529
8533
8535
8538
8539
8541
8546
8553
8558
8559
8564
8566
8567
8568
8571
8572
8573
8578
8582
8583
8585
8586
8587
8590
8591
8592
8595
8596
8599
8603
8604
8606
8607
8610
8612
8613
8615
8616
8625
8626
8627
8628
8638
8640
8641
8642
8643
8644
8645
8647
8648
8651
8657
8659
8660
8668
8669
8670
8675
8676
8678
8682
8686
8692
8705
8706
8707
8710
8714
8718
8721
8723
8726
8728
8730
8732
8733
8734
8735
8737
8742
8745
8747
8749
8751
8752
8753
8756
8758
8762
8766
8768
8770
8772
8774
8777
8784
8785
8786
8790
8791
8795
8797
8799
8801
8804
8805
8809
8811
8812
8814
8820
8822
8823
8826
8829
8832
8834
8835
8837
8839
8843
8844
8847
8850
8855
8857
8858
8862
8863
8866
8867
8868
8869
8871
8872
8873
8874
8875
8876
8878
8879
8883
8885
8886
8887
8891
8893
8897
8900
8901
8904
8905
8907
8911
8912
8913
8915
8916
8917
8918
8919
8920
8931
8932
8933
8935
8936
8937
8939
8940
8941
8945
8953
8954
8956
8957
8959
8962
8965
8967
8970
8971
8973
8976
8978
8982
8983
8984
8986
8987
8988
8989
8990
8993
8995
8998
9002
9003
9005
9008
9011
9012
9014
9021
9023
9028
9030
9031
9033
9037
9038
9046
9047
9049
9050
9055
9057
9058
9061
9062
9063
9065
9066
9073
9075
9077
9078
9081
9082
9083
9084
9087
9090
9091
9094
9095
9100
9101
9104
9105
9107
9108
9109
9113
9115
9121
9123
9125
9126
9129
9130
9133
9134
9140
9147
9148
9152
9153
9154
9155
9161
9164
9170
9173
9180
9183
9185
9187
9188
9189
9190
9191
9194
9196
9199
9207
9210
9212
9216
9224
9225
9229
9231
9233
9235
9237
9240
9241
9243
9247
9249
9250
9255
9262
9265
9267
9271
9273
9274
9278
9279
9281
9285
9288
9289
9291
9294
9298
9299
9302
9303
9306
9309
9310
9311
9314
9315
9316
9320
9321
9322
9323
9326
9329
9332
9336
9343
9348
9349
9352
9354
9361
9365
9366
9374
9377
9378
9383
9389
9390
9394
9395
9399
9400
9402
9411
9412
9417
9418
9419
9420
9421
9422
9425
9431
9432
9433
9437
9439
9440
9442
9444
9447
9448
9456
9457
9462
9466
9467
9469
9471
9473
9474
9478
9484
9485
9487
9491
9494
9499
9500
9502
9505
9507
9508
9509
9514
9516
9521
9522
9525
9531
9537
9541
9542
9546
9553
9556
9557
9558
9562
9564
9569
9571
9575
9583
9588
9593
9594
9595
9596
9600
9601
9602
9608
9610
9616
9622
9623
9625
9627
9628
9629
9630
9643
9646
9652
9653
9654
9657
9658
9659
9660
9661
9662
9663
9664
9665
9668
9669
9673
9681
9683
9690
9694
9697
9699
9700
9701
9702
9704
9705
9713
9723
9725
9728
9730
9731
9732
9734
9736
9739
9740
9743
9747
9748
9750
9751
9753
9755
9756
9757
9762
9764
9766
9767
9768
9772
9778
9779
9781
9787
9789
9795
9798
9800
9801
9803
9807
9808
9810
9811
9812
9816
9820
9823
9826
9831
9832
9840
9841
9842
9843
9846
9857
9859
9861
9869
9870
9873
9874
9882
9883
9885
9886
9887
9889
9890
9891
9897
9899
9900
9902
9903
9906
9911
9916
9918
9923
9924
9927
9932
9934
9936
9937
9939
9940
9941
9942
9944
9947
9948
9949
9950
9951
9952
9955
9957
9958
9971
9972
9973
9976
9978
9979
9980
9982
9983
9984
9985
9986
9987
9990
9993
9996
9998
10001
10003
10005
10009
10010
10011
10012
10015
10019
10021
10022
10023
10025
10029
10032
10034
10040
10041
10044
10047
10048
10057
10058
10059
10060
10061
10063
10064
10065
10068
10070
10074
10075
10079
10080
10081
10083
10084
10085
10087
10091
10094
10095
10098
10100
10102
10103
10104
10108
10109
10111
10113
10114
10115
10118
10120
10124
10128
10132
10133
10135
10136
10138
10139
10140
10141
10142
10144
10146
10154
10157
10158
10161
10163
10171
10177
10178
10180
10181
10192
10194
10196
10199
10207
10210
10211
10213
10219
10220
10221
10223
10224
10225
10226
10228
10232
10234
10236
10238
10239
10240
10241
10242
10245
10246
10250
10252
10253
10259
10260
10263
10269
10270
10271
10273
10275
10277
10278
10279
10285
10286
10288
10289
10304
10305
10307
10316
10320
10321
10324
10327
10329
10332
10335
10337
10338
10340
10341
10343
10344
10345
10355
10357
10359
10360
10361
10362
10363
10365
10371
10379
10380
10388
10390
10394
10396
10401
10404
10406
10410
10411
10415
10416
10418
10420
10422
10424
10431
10432
10436
10438
10439
10440
10441
10443
10447
10450
10454
10455
10457
10458
10460
10462
10466
10468
10473
10475
10477
10479
10480
10482
10483
10484
10485
10486
10489
10498
10499
10501
10506
10515
10516
10522
10523
10528
10529
10531
10533
10534
10536
10537
10538
10542
10543
10544
10545
10552
10554
10556
10557
10566
10568
10570
10572
10573
10577
10579
10580
10584
10587
10589
10596
10598
10599
10600
10604
10605
10611
10618
10619
10623
10625
10626
10628
10630
10631
10634
10645
10654
10655
10658
10660
10661
10671
10672
10673
10675
10676
10678
10684
10687
10689
10693
10695
10696
10698
10699
10701
10707
10710
10712
10714
10719
10723
10727
10731
10738
10740
10742
10744
10746
10749
10750
10752
10755
10760
10761
10762
10763
10767
10772
10776
10777
10778
10781
10784
10785
10787
10789
10790
10794
10800
10806
10809
10810
10812
10814
10816
10817
10818
10820
10824
10825
10828
10832
10840
10843
10844
10845
10849
10852
10853
10854
10856
10858
10866
10867
10868
10871
10873
10875
10885
10888
10891
10892
10893
10895
10898
10899
10902
10905
10912
10913
10917
10920
10923
10926
10927
10929
10930
10932
10933
10935
10938
10940
10941
10942
10944
10945
10949
10950
10951
10952
10955
10959
10964
10968
10975
10979
10980
10989
10991
10993
10994
10995
11000
11001
11006
11008
11009
11011
11016
11018
11021
11025
11028
11029
11032
11033
11035
11036
11041
11043
11044
11052
11053
11054
11056
11061
11062
11063
11067
11072
11073
11076
11077
11081
11082
11083
11086
11087
11088
11090
11092
11109
11110
11111
11112
11113
11114
11117
11118
11120
11125
11126
11127
11129
11132
11135
11137
11142
11149
11150
11157
11158
11161
11164
11168
11171
11172
11173
11176
11178
11180
11181
11188
11190
11195
11202
11203
11204
11205
11209
11211
11215
11217
11219
11221
11222
11230
11231
11233
11237
11243
11247
11248
11257
11258
11260
11262
11263
11264
11265
11266
11267
11269
11273
11276
11277
11278
11284
11286
11288
11290
11295
11298
11299
11301
11305
11306
11308
11309
11312
11315
11318
11325
11326
11327
11328
11329
11335
11339
11340
11342
11344
11345
11346
11350
11351
11354
11355
11356
11357
11358
11361
11362
11364
11365
11366
11368
11369
11376
11382
11383
11384
11386
11387
11390
11392
11393
11394
11395
11396
11397
11400
11402
11404
11407
11409
11412
11413
11414
11416
11418
11422
11423
11425
11429
11430
11435
11438
11439
11442
11444
11448
11449
11450
11452
11454
11456
11458
11460
11464
11465
11471
11478
11480
11481
11482
11483
11484
11487
11488
11489
11490
11497
11498
11499
11502
11509
11516
11518
11526
11527
11528
11535
11539
11540
11542
11549
11555
11556
11557
11559
11560
11564
11565
11566
11568
11569
11572
11573
11580
11581
11583
11586
11587
11589
11590
11591
11594
11598
11600
11602
11603
11604
11608
11609
11613
11615
11617
11621
11622
11625
11630
11641
11645
11651
11654
11655
11663
11665
11666
11668
11670
11674
11676
11677
11682
11685
11686
11690
11696
11697
11702
11703
11705
11707
11709
11710
11711
11714
11718
11720
11723
11725
11726
11732
11734
11738
11742
11747
11748
11750
11751
11754
11755
11756
11757
11758
11764
11765
11768
11771
11772
11773
11777
11780
11781
11782
11784
11785
11791
11792
11797
11800
11803
11807
11812
11815
11817
11820
11821
11822
11824
11825
11827
11828
11830
11831
11832
11833
11835
11836
11838
11840
11843
11844
11847
11850
11851
11856
11857
11860
11862
11863
11866
11868
11871
11872
11876
11878
11883
11884
11889
11891
11898
11901
11904
11905
11906
11908
11912
11914
11915
11918
11921
11923
11924
11927
11929
11933
11935
11936
11937
11938
11940
11941
11942
11943
11945
11946
11947
11951
11955
11958
11961
11963
11964
11969
11972
11973
11974
11976
11980
11982
11983
11993
11996
12001
12002
12007
12009
12011
12013
12016
12021
12022
12024
12026
12028
12032
12037
12041
12044
12046
12047
12052
12053
12055
12056
12063
12065
12067
12068
12069
12076
12078
12079
12080
12081
12084
12085
12087
12091
12092
12094
12099
12101
12110
12111
12112
12113
12114
12115
12116
12125
12128
12129
12131
12132
12133
12135
12138
12139
12142
12143
12144
12145
12147
12150
12151
12157
12158
12159
12161
12163
12167
12169
12173
12176
12177
12179
12187
12188
12189
12190
12199
12200
12201
12202
12204
12206
12213
12216
12223
12225
12227
12229
12233
12235
12237
12238
12240
12245
12252
12254
12257
12260
12264
12267
12271
12273
12275
12277
12278
12282
12289
12292
12294
12295
12297
12299
12301
12309
12312
12315
12317
12319
12321
12322
12325
12326
12330
12335
12339
12342
12344
12346
12350
12353
12357
12358
12359
12361
12362
12363
12364
12365
12369
12370
12372
12373
12374
12375
12376
12377
12380
12381
12386
12387
12389
12391
12392
12396
12398
12399
12403
12404
12405
12409
12410
12413
12416
12417
12418
12419
12421
12423
12426
12428
12429
12431
12433
12435
12436
12437
12441
12442
12445
12446
12448
12454
12456
12457
12458
12461
12467
12468
12473
12477
12483
12485
12489
12490
12496
12497
12501
12502
12503
12507
12510
12511
12513
12514
12516
12518
12520
12522
12527
12529
12534
12540
12541
12544
12545
12546
12550
12551
12554
12555
12558
12559
12560
12563
12566
12573
12575
12576
12597
12598
12599
12601
12603
12604
12605
12606
12607
12609
12614
12619
12622
12623
12624
12626
12638
12640
12647
12648
12649
12651
12654
12660
12663
12664
12665
12666
12668
12673
12676
12677
12678
12681
12682
12687
12688
12690
12694
12697
12701
12705
12706
12707
12708
12709
12711
12714
12718
12720
12722
12723
12724
12726
12727
12732
12740
12743
12745
12747
12750
12751
12753
12755
12757
12759
12760
12763
12765
12766
12769
12775
12777
12779
12781
12782
12785
12787
12794
12796
12798
12799
12805
12808
12810
12815
12816
12823
12824
12826
12829
12830
12831
12835
12839
12841
12843
12848
12853
12854
12855
12856
12858
12862
12868
12871
12874
12875
12878
12879
12882
12883
12888
12889
12901
12903
12904
12905
12910
12913
12914
12915
12917
12919
12930
12934
12939
12940
12941
12943
12944
12948
12949
12950
12951
12952
12958
12961
12962
12967
12968
12971
12972
12979
12980
12983
12984
12985
12986
12987
12989
12991
12992
12994
12995
12996
12998
13002
13003
13004
13005
13012
13013
13014
13015
13017
13019
13020
13021
13026
13027
13035
13039
13041
13043
13048
13049
13051
13052
13055
13059
13062
13063
13064
13067
13068
13072
13075
13079
13092
13097
13099
13100
13102
13110
13113
13116
13117
13119
13123
13127
13128
13129
13132
13133
13136
13137
13143
13148
13149
13150
13152
13155
13158
13161
13162
13171
13177
13184
13185
13189
13192
13196
13197
13201
13206
13208
13209
13211
13214
13215
13216
13218
13219
13222
13224
13225
13226
13228
13234
13235
13237
13238
13239
13243
13245
13247
13248
13249
13253
13257
13258
13262
13266
13267
13270
13271
13273
13275
13276
13282
13283
13285
13289
13290
13292
13294
13295
13299
13300
13304
13305
13310
13313
13317
13320
13321
13324
13326
13328
13334
13337
13339
13346
13348
13349
13353
13355
13358
13359
13366
13368
13385
13391
13394
13396
13397
13398
13399
13402
13403
13404
13406
13408
13410
13411
13414
13415
13419
13420
13422
13423
13426
13427
13428
13429
13430
13432
13434
13440
13442
13445
13449
13454
13456
13461
13462
13464
13466
13469
13470
13471
13472
13475
13481
13484
13489
13492
13493
13495
13500
13504
13510
13513
13514
13517
13518
13520
13521
13527
13530
13531
13535
13536
13538
13539
13541
13547
13548
13551
13556
13557
13558
13563
13564
13569
13573
13574
13579
13580
13585
13593
13596
13599
13600
13603
13604
13609
13611
13617
13618
13619
13621
13623
13624
13627
13628
13629
13630
13631
13633
13636
13637
13638
13639
13640
13642
13644
13647
13648
13649
13653
13654
13660
13661
13662
13666
13668
13670
13674
13677
13679
13680
13682
13683
13684
13685
13686
13690
13691
13694
13699
13700
13701
13705
13706
13710
13711
13712
13713
13718
13720
13723
13726
13727
13728
13732
13733
13734
13736
13738
13741
13742
13744
13746
13753
13757
13758
13761
13762
13764
13766
13770
13772
13775
13777
13778
13779
13784
13787
13793
13794
13795
13796
13800
13801
13802
13805
13809
13810
13811
13812
13815
13819
13821
13826
13827
13829
13831
13832
13835
13837
13839
13840
13841
13845
13854
13858
13862
13864
13869
13871
13874
13876
13883
13888
13894
13895
13899
13903
13904
13908
13909
13910
13912
13921
13925
13927
13933
13935
13936
13937
13945
13948
13950
13951
13953
13956
13957
13958
13963
13964
13965
13966
13979
13980
13983
13985
13986
13991
13992
13995
13999
14000
14003
14007
14009
14011
14013
14014
14016
14017
14021
14023
14025
14026
14033
14034
14036
14043
14044
14045
14046
14047
14054
14055
14056
14057
14060
14066
14068
14074
14077
14080
14081
14082
14083
14084
14085
14087
14094
14095
14098
14106
14107
14111
14114
14115
14116
14117
14119
14121
14122
14123
14126
14127
14136
14137
14140
14142
14144
14151
14152
14160
14162
14168
14169
14175
14177
14180
14181
14183
14184
14185
14187
14188
14189
14191
14193
14196
14197
14198
14199
14200
14201
14203
14204
14205
14206
14207
14208
14212
14215
14216
14219
14226
14228
14229
14230
14232
14234
14236
14237
14239
14241
14242
14244
14245
14246
14249
14250
14261
14262
14264
14268
14269
14270
14271
14272
14279
14290
14293
14294
14296
14297
14304
14306
14309
14310
14312
14315
14316
14318
14320
14324
14326
14329
14330
14332
14333
14334
14339
14340
14341
14345
14346
14352
14354
14358
14360
14361
14368
14369
14370
14375
14377
14380
14381
14384
14390
14394
14395
14399
14400
14401
14406
14407
14409
14411
14412
14413
14415
14416
14418
14419
14422
14423
14424
14425
14427
14431
14433
14434
14435
14436
14439
14441
14443
14444
14445
14449
14450
14454
14455
14456
14465
14469
14470
14471
14472
14478
14483
14490
14492
14495
14496
14501
14502
14506
14510
14512
14513
14515
14520
14522
14526
14528
14529
14532
14533
14543
14547
14548
14558
14560
14565
14566
14567
14568
14569
14571
14572
14574
14576
14577
14579
14582
14583
14584
14585
14586
14591
14594
14598
14603
14606
14607
14613
14615
14617
14618
14620
14621
14625
14626
14632
14637
14638
14639
14641
14642
14646
14647
14653
14657
14658
14661
14663
14665
14667
14668
14672
14674
14675
14676
14677
14679
14680
14685
14686
14691
14692
14693
14694
14695
14696
14698
14699
14700
14707
14709
14720
14724
14726
14728
14730
14731
14734
14737
14739
14740
14741
14742
14743
14745
14746
14749
14750
14753
14757
14758
14760
14763
14767
14778
14780
14782
14783
14785
14787
14790
14791
14794
14800
14801
14803
14804
14805
14810
14811
14815
14818
14819
14821
14823
14824
14825
14828
14830
14831
14835
14837
14838
14841
14842
14843
14846
14849
14851
14852
14853
14854
14856
14861
14864
14868
14870
14872
14876
14890
14893
14896
14899
14901
14903
14907
14908
14909
14912
14913
14917
14929
14930
14934
14938
14939
14940
14945
14946
14952
14953
14954
14955
14958
14959
14960
14961
14962
14967
14968
14975
14980
14985
14995
14996
