2
7
25
39
75
76
95
98
115
117
198
214
238
268
317
322
327
349
386
399
406
474
489
528
595
695
704
730
735
759
761
787
817
823
913
935
1013
1057
1064
1074
1130
1277
1334
1352
1360
1383
1415
1423
1456
1482
1507
1517
1628
1638
1720
1812
1848
1868
1953
2053
2060
2112
2117
2138
2162
2238
2241
2254
2262
2323
2326
2374
2380
2402
2541
2547
2549
2584
2617
2636
2652
2655
2663
2742
2787
2852
2889
2944
2984
3000
3032
3064
3105
3155
3157
3182
3189
3250
3320
3380
3396
3476
3477
3480
3497
3521
3537
3541
3595
3623
3641
3650
3664
3676
3692
3823
3849
3882
3896
3915
3927
3993
4068
4115
4139
4162
4176
4183
4193
4203
4217
4336
4339
4424
4487
4567
4597
4606
4652
4694
4748
4755
4797
4806
4808
4809
4865
4869
4874
4890
4918
4927
4931
4958
4963
5042
5113
5220
5313
5342
5377
5407
5420
5484
5518
5575
5601
5614
5630
5647
5654
5768
5891
5898
5931
5934
5940
5950
5984
6007
6046
6089
6114
6128
6150
6163
6345
6416
6455
6473
6483
6488
6494
6505
6522
6538
6565
6570
6667
6688
6701
6711
6717
6726
6742
6761
6763
6811
6851
6882
6885
6888
6897
6906
6938
7084
7121
7139
7143
7173
7187
7222
7237
7270
7293
7305
7388
7389
7395
7440
7449
7457
7459
7532
7582
7588
7663
7664
7677
7753
7773
7785
7787
7895
7931
7968
8017
8074
8086
8094
8127
8178
8205
8223
8224
8280
8289
8357
8369
8380
8382
8409
8415
8420
8466
8494
8547
8576
8611
8652
8654
8697
8722
8836
8884
8908
8950
9026
9041
9044
9054
9058
9080
9149
9165
9167
9183
9193
9216
9226
9253
9276
9287
9335
9381
9489
9494
9527
9551
9584
9621
9636
9649
9671
9680
9708
9742
9768
9796
9799
9827
9898
9954
10055
10076
10099
10156
10222
10282
10305
10315
10334
10338
10350
10405
10436
10495
10512
10521
10551
10570
10595
10614
10632
10657
10698
10716
10729
10745
10822
10877
10884
10889
10901
10914
10924
10954
10958
10973
10974
10981
10992
10998
11089
11107
11153
11226
11253
11259
11305
11307
11349
11455
11459
11462
11477
11501
11545
11605
11607
11633
11656
11688
11698
11713
11717
11769
11770
11801
11881
11892
11897
11939
11957
11970
12000
12034
12164
12205
12210
12219
12222
12324
12341
12357
12390
12432
12490
12515
12553
12662
12669
12696
12700
12715
12726
12734
12838
12844
12852
12893
12906
12911
12916
12953
13031
13098
13103
13104
13113
13154
13166
13181
13287
13298
13309
13335
13350
13388
13422
13438
13475
13529
13540
13559
13669
13737
13756
13813
13840
13881
13917
13931
13954
13982
13988
13994
14008
14040
14063
14110
14149
14156
14157
14163
14171
14173
14282
14286
14299
14351
14362
14386
14403
14408
14438
14458
14466
14507
14631
14689
14736
14765
14771
14772
14829
14830
14859
14862
14878
